,Irrigation (FAO),Reverse Osmosis Use,Reverse Osmosis (WHO Drinking Water Guidelines),Drinking (W.H.O.),Post Harvest,Drinking Water (NEMA),Domestic Use,Fresh water,KSEAS 12 2018 Treated Potable ,Effluent,Irrigation,Drinking (FAO),Distilled Water,Effluent Water (NEMA),HCl Acid,Natural water quality for aquatic life,KSEAS 12 2018 Untreated Potable,KSEAS 153 2018 Packaged,Drinking (KEBS),Swimming Water,Irrigation Water (NEMA),(Distilled Water),Fish Extracts,Fish Farming,Fruit Juice,Pack House,NEMA waste water,NEMA Effluent into Environment,NEMA Effluent,Treated Potable Water (EAS 12:2018),Nitric Acid,Drinking (WHO 2107 4th edition),Boiler Scales,Process Water,Deionised Water,Tea Extract,Plain Water,Acetic Acid,Concentrate Water,Reagent Water,KS 2846:2020 Construction Water,Raw Water,NEMA3 Effluent into Environment,NEMA6 Treated Effluent into Environ,NEMA5 Effluent into Public Sewer
aerobic_mesophilic_count,14427.0,3037.0,,,,,,,,,,,,,,,,,,,,,,,,,,,,,,,,,,,,,,,,,,,
aluminium,14356.0,79.0,18.0,25359.0,1480.0,,35.0,,164.0,,201.0,,,,1.0,,80.0,96.0,14.0,,,,,,,,,9.0,,1.0,,,0.0,,,0.0,,,6.0,,,,,,
ammonium,1370.0,56.0,15.0,3165.0,1477.0,5.0,13.0,1.0,159.0,,12.0,194.0,15.0,2.0,,0.0,64.0,85.0,3.0,,6.0,65.0,0.0,0.0,6.0,4.0,,9.0,,0.0,,5.0,,1.0,1.0,0.0,0.0,,,,0.0,1.0,,,
arsenic,13918.0,2940.0,630.0,23389.0,1479.0,7.0,35.0,,330.0,,187.0,209.0,19.0,,1.0,,79.0,118.0,15.0,,,86.0,,2.0,4.0,,179.0,,4.0,1.0,1.0,,,1.0,,,,0.0,2.0,,,,2.0,,
barium,14409.0,82.0,20.0,25825.0,1485.0,8.0,37.0,,356.0,,,,,,,,85.0,119.0,16.0,,,,,,,,,9.0,,1.0,,,,,,,,,,,,,,,
bicarbonate,1542.0,56.0,15.0,4028.0,1478.0,5.0,13.0,95.0,334.0,,12.0,194.0,15.0,,,,79.0,107.0,4.0,,6.0,86.0,0.0,0.0,6.0,4.0,,9.0,,0.0,,5.0,,1.0,1.0,0.0,0.0,,,,0.0,1.0,,,
bod,14383.0,3006.0,617.0,26008.0,1485.0,,,,961.0,1.0,,,18.0,4.0,,,217.0,173.0,,,5.0,,,,,,20.0,9.0,,,,,,,,,,,,,,,,,
boron,1172.0,56.0,14.0,3081.0,1474.0,3.0,11.0,95.0,333.0,,12.0,194.0,15.0,,0.0,,78.0,105.0,4.0,,6.0,85.0,0.0,0.0,2.0,4.0,183.0,9.0,5.0,0.0,1.0,5.0,0.0,0.0,1.0,0.0,0.0,0.0,2.0,,0.0,1.0,5.0,,
cadmium,13972.0,3020.0,631.0,23794.0,1479.0,7.0,35.0,,330.0,,187.0,,19.0,,1.0,,85.0,118.0,15.0,,,86.0,,2.0,4.0,,183.0,,4.0,1.0,1.0,,,1.0,,,,0.0,2.0,,,,5.0,,
calcium,1330.0,56.0,14.0,3043.0,1478.0,5.0,11.0,95.0,335.0,,12.0,194.0,15.0,,1.0,,62.0,106.0,4.0,4.0,6.0,75.0,0.0,0.0,6.0,4.0,,9.0,,0.0,,5.0,0.0,1.0,1.0,0.0,0.0,,6.0,,0.0,1.0,,,
carbonate,14405.0,85.0,19.0,23526.0,1485.0,,36.0,,928.0,,,,,,,,217.0,,,,,,,,,,,9.0,,1.0,,,,,,,,,,,,,,,
charge_balance,14425.0,2946.0,,25665.0,,,36.0,,,,,,,,,,,,,,,,,,,,,10.0,,,,,,,,,,,,,,,,,
charge_balance_error,14423.0,2872.0,367.0,25979.0,,,,,963.0,,,,,,,,,,,,,,,,,,,,,,,,,,,,,,,,,,,,
chloride,8777.0,2726.0,175.0,14809.0,1484.0,,22.0,95.0,299.0,,187.0,,15.0,,,,62.0,107.0,4.0,,,20.0,,2.0,,,181.0,,,0.0,,5.0,,,0.0,,0.0,,,,0.0,1.0,,,
chlorides,6997.0,363.0,478.0,14683.0,1470.0,5.0,29.0,,,,25.0,194.0,18.0,,,,,,,,6.0,,0.0,1.0,6.0,4.0,,9.0,,,,,,1.0,,0.0,,,6.0,0.0,,,,,
chlorine,14422.0,,,,,,,,,,,,,,,,,,,,,,,,,,,,,,,,,,,,,,,,,,,,
chromium,13972.0,3020.0,631.0,23673.0,1479.0,7.0,35.0,,350.0,,187.0,,19.0,,1.0,,85.0,118.0,15.0,,,76.0,,2.0,4.0,,180.0,,4.0,1.0,1.0,,,1.0,,,,0.0,2.0,,,,2.0,,
clostridium_perfringens,14427.0,,,26321.0,1485.0,,,,,,,,,,,,,,,,,86.0,,,,,,,,,,,,,,,,,,,,,,,
cobalt,13975.0,3020.0,631.0,23891.0,1479.0,7.0,36.0,,965.0,,187.0,,19.0,,1.0,,,173.0,,,,86.0,,2.0,4.0,,183.0,,4.0,1.0,1.0,,,1.0,,,,0.0,2.0,,,,5.0,,
cod,14376.0,3005.0,617.0,25983.0,1485.0,,,95.0,959.0,2.0,,,18.0,4.0,,,217.0,173.0,,,5.0,,,,,,180.0,9.0,,,,,,,,,,,,,,,,,
colour,14392.0,3034.0,,23141.0,1482.0,,33.0,13.0,764.0,,,,,4.0,,0.0,193.0,152.0,24.0,,,77.0,,,,,25.0,,,,,,,,,,,,,,,,,,1.0
copper,1184.0,56.0,14.0,3074.0,1474.0,3.0,9.0,95.0,313.0,,12.0,194.0,15.0,,0.0,,79.0,105.0,4.0,4.0,6.0,84.0,0.0,0.0,2.0,4.0,183.0,9.0,5.0,0.0,1.0,5.0,0.0,0.0,1.0,0.0,0.0,0.0,2.0,,0.0,1.0,5.0,,
dissolved_organic_carbon,14425.0,,,,,,,,,,,,,,,,,,,,,,,,,,,,,,,,,,,,,,,,,,,,
e_coli,14182.0,3038.0,634.0,24229.0,1475.0,,,,818.0,,,,,,,,176.0,140.0,18.0,55.0,,,,,,,107.0,,,,,,,,,,,,,,,31.0,,,
electrical_conductivity,1571.0,49.0,15.0,3642.0,145.0,5.0,11.0,1.0,310.0,,12.0,194.0,1.0,,,0.0,62.0,107.0,4.0,4.0,6.0,46.0,0.0,0.0,6.0,4.0,,9.0,,0.0,,5.0,,1.0,0.0,0.0,0.0,,,0.0,0.0,1.0,,,
escherichia_coli,14422.0,,,26319.0,,,,,,,,,,,,,,,,,,,,,,,184.0,,,,,,,,,,,,,,,,,,
faecal_coliforms,14382.0,3035.0,,26034.0,1479.0,7.0,,,,,,,,,,,,,,,,,,,,,,,,,,,,,,,,,,,,,,,
faecal_e_coli,14277.0,3027.0,636.0,25202.0,1474.0,6.0,,,966.0,,,,,,,,211.0,173.0,,,,,,,,,,,,,,,,,,,,,,,,,,,
feacal_coliforms,14343.0,3032.0,,25919.0,1480.0,,37.0,,,,,,,,,,,,,,,,,2.0,,,,,,,,,,,,,,,,,,,,,
feacal_coliforms_mpn,14053.0,3025.0,,24271.0,1459.0,6.0,36.0,,,,201.0,,,,,,,,,,,,,,,,,9.0,,,,,,,,,,,,,,,,,
feacal_e_coli,13981.0,3020.0,,24226.0,1455.0,6.0,,,,,201.0,,,,,,,,,,,,,2.0,,,,9.0,,,,,,,,,,,,,,,,,
fluoride,14384.0,2833.0,327.0,16996.0,1485.0,,23.0,95.0,194.0,,,,20.0,,,,100.0,104.0,7.0,,,49.0,,,,,,,,,,5.0,,,1.0,,0.0,,,,,2.0,,,
fluorides,14249.0,265.0,326.0,12875.0,1483.0,5.0,27.0,,912.0,,194.0,195.0,18.0,,,,177.0,155.0,21.0,,,,0.0,0.0,,4.0,,9.0,,0.0,,,,1.0,,0.0,,,,,0.0,,,,
free_chlorine,14411.0,,,25847.0,1439.0,,36.0,,,,,,,,,,,,,52.0,,,,,,,174.0,,,,,,,,,,,,,,,,,,
free_residual_chlorine,14411.0,3039.0,629.0,25496.0,1484.0,,,,710.0,,,,20.0,,,,199.0,152.0,24.0,12.0,,82.0,,,,,35.0,,,,,2.0,,,1.0,,,,,,,,,0.0,
hardness,2868.0,99.0,15.0,4715.0,1481.0,5.0,16.0,95.0,325.0,,62.0,195.0,15.0,,,,62.0,107.0,4.0,9.0,7.0,69.0,,0.0,6.0,4.0,,,,0.0,,5.0,,1.0,1.0,,0.0,,,,,2.0,,,
iron,1313.0,37.0,9.0,2995.0,1478.0,5.0,9.0,95.0,147.0,,12.0,194.0,15.0,,0.0,,58.0,84.0,3.0,4.0,0.0,75.0,0.0,0.0,6.0,4.0,,6.0,,0.0,,5.0,0.0,1.0,1.0,0.0,0.0,0.0,2.0,,0.0,1.0,,,1.0
lead,13950.0,3020.0,630.0,23524.0,1479.0,7.0,33.0,,330.0,,187.0,209.0,19.0,,1.0,,84.0,118.0,15.0,,,85.0,,2.0,4.0,,180.0,,4.0,1.0,1.0,,,1.0,,,,0.0,2.0,,,,4.0,,
listeria,14384.0,,,26321.0,1484.0,,,,,,,,,,,,,,,,,,,,,,,,,,,,,,,,,,,,,,,,
listeria_monocytogenes,14427.0,,,,,,,,,,,,,,,,,,,,,,,,,,,,,,,,,,,,,,,,,,,,
magnesium,1331.0,56.0,14.0,3047.0,1478.0,5.0,11.0,95.0,335.0,,12.0,194.0,15.0,,1.0,,62.0,106.0,4.0,4.0,6.0,75.0,0.0,0.0,6.0,4.0,,9.0,,0.0,,5.0,0.0,1.0,1.0,0.0,0.0,,6.0,,0.0,1.0,,,
manganese,1335.0,53.0,14.0,3386.0,1478.0,5.0,11.0,95.0,327.0,,12.0,194.0,15.0,,1.0,,73.0,106.0,4.0,4.0,3.0,85.0,0.0,0.0,6.0,4.0,,9.0,,0.0,,5.0,0.0,1.0,1.0,0.0,0.0,,6.0,,0.0,1.0,,,
mercury,13968.0,3020.0,631.0,23908.0,1479.0,7.0,35.0,,331.0,,187.0,,19.0,,1.0,,84.0,118.0,15.0,,,85.0,,2.0,,,183.0,,1.0,1.0,1.0,,,1.0,,,,0.0,2.0,,,,4.0,,
molybdenum,1212.0,3000.0,626.0,5756.0,1476.0,3.0,13.0,95.0,342.0,,12.0,194.0,15.0,,1.0,,78.0,105.0,4.0,,6.0,85.0,0.0,0.0,2.0,4.0,183.0,,5.0,0.0,1.0,5.0,0.0,0.0,1.0,0.0,0.0,0.0,2.0,,0.0,1.0,5.0,,
mould,14426.0,,,26305.0,,,,,,,,,,,,,,,,,,,,,,,,,,,,,,,,,,,,,,,,,
nickel,13972.0,3020.0,631.0,23811.0,1479.0,7.0,35.0,,350.0,,187.0,,19.0,,1.0,,85.0,118.0,15.0,,,86.0,,2.0,4.0,,183.0,,4.0,1.0,1.0,,,1.0,,,,0.0,2.0,,,,5.0,,
nitrate_n,1529.0,58.0,15.0,3530.0,1478.0,5.0,13.0,1.0,310.0,,12.0,194.0,15.0,,,0.0,89.0,107.0,5.0,,6.0,72.0,0.0,0.0,6.0,4.0,181.0,9.0,,0.0,,5.0,,1.0,1.0,0.0,0.0,,,,0.0,1.0,,,
nitrates,1782.0,86.0,15.0,3367.0,1479.0,5.0,13.0,81.0,139.0,,16.0,194.0,14.0,3.0,,,58.0,86.0,3.0,,6.0,72.0,0.0,0.0,4.0,4.0,181.0,9.0,,0.0,,5.0,,1.0,1.0,0.0,0.0,,,,0.0,2.0,,,
nitrite,14421.0,,,25679.0,,,,,192.0,,,,,4.0,,,78.0,99.0,14.0,,,73.0,,,,,,,,1.0,,,,,,,,,,,,,,,
nitrite_n,14421.0,2697.0,58.0,25379.0,1485.0,,36.0,,957.0,,,,,,,,207.0,,,,,73.0,,,,,,,,1.0,1.0,,,,,,,,,,,,,,
oil_&_grease,14418.0,3034.0,636.0,26198.0,,,,,964.0,,,,,,,,213.0,,,,,,,,,,19.0,9.0,,,,,,,,,,,,,,,,,
p_alkalinity,14414.0,3039.0,635.0,26128.0,,,,,927.0,,,,18.0,,,,206.0,173.0,,,,85.0,,,,,,,,,,,,,,,,,,,,,,,
phosphate,14399.0,137.0,16.0,13648.0,1484.0,5.0,36.0,95.0,339.0,,,207.0,,,,,84.0,116.0,6.0,,,86.0,,2.0,,5.0,,9.0,,0.0,,5.0,,,,0.0,0.0,,,,0.0,,,,
phosphorus,1337.0,56.0,14.0,3558.0,1478.0,5.0,13.0,1.0,337.0,,12.0,194.0,15.0,,1.0,0.0,106.0,106.0,5.0,,6.0,86.0,0.0,0.0,6.0,4.0,,9.0,,0.0,,5.0,0.0,1.0,1.0,0.0,0.0,,6.0,,0.0,1.0,,,
potassium,1322.0,56.0,14.0,3154.0,1478.0,5.0,13.0,95.0,335.0,,12.0,194.0,15.0,,1.0,,62.0,106.0,4.0,7.0,6.0,75.0,0.0,0.0,6.0,4.0,,9.0,,0.0,,5.0,0.0,1.0,1.0,0.0,0.0,,6.0,,0.0,1.0,,,
pseudomonas,14416.0,3035.0,,26214.0,1482.0,7.0,,,,,,,,,,,,,,,,,,,,,,,,,,,,,,,,,,,,,,,
pseudomonas_aeruginosa,14410.0,3038.0,637.0,26245.0,,,,,862.0,,,,20.0,,,,202.0,139.0,,56.0,,,,,,,,,,,,,,,,,,,,,,31.0,,,
salmonella,14375.0,3039.0,,26255.0,1480.0,7.0,,,,,,,,,,,,,,,,,,,,,,,,,,,,,,,,,,,,,,,
sar,14297.0,3026.0,,26311.0,,,36.0,,,,169.0,,19.0,,,,,,,,,,,,,,,,,,,,,,,,,,,,,,,,
selenium,13956.0,3020.0,631.0,23822.0,1479.0,7.0,35.0,,350.0,,187.0,,19.0,,1.0,,84.0,118.0,15.0,,,86.0,,2.0,4.0,,180.0,,4.0,1.0,1.0,,,1.0,,,,0.0,2.0,,,,2.0,,
shigella,14422.0,3039.0,,26258.0,1482.0,7.0,,,,,,,,,,,,,,,,,,,,,,,,,,,,,,,,,,,,,,,
silica,7397.0,168.0,16.0,9053.0,1481.0,6.0,21.0,95.0,937.0,,178.0,195.0,12.0,,,,200.0,165.0,14.0,,,59.0,,0.0,6.0,5.0,,9.0,,0.0,,5.0,,1.0,0.0,0.0,0.0,,,0.0,0.0,2.0,,,
silicon__,2617.0,49.0,14.0,4028.0,1479.0,5.0,14.0,95.0,948.0,,14.0,194.0,12.0,,1.0,,211.0,161.0,14.0,,6.0,61.0,0.0,0.0,6.0,4.0,,9.0,,0.0,,5.0,0.0,1.0,0.0,0.0,0.0,,6.0,0.0,0.0,1.0,,,
silver,14401.0,,,26254.0,1457.0,,,,,,,,,,,,,,,,,86.0,,,,3.0,,,23.0,,,,,,,,,,,,,,6.0,,
sodium,1320.0,49.0,14.0,3033.0,1478.0,5.0,10.0,95.0,311.0,,12.0,194.0,12.0,,0.0,,62.0,106.0,4.0,7.0,6.0,50.0,0.0,0.0,6.0,4.0,,9.0,,0.0,,5.0,0.0,1.0,0.0,0.0,0.0,,6.0,0.0,0.0,1.0,,,
streptococcus,14416.0,3036.0,,26226.0,1482.0,7.0,,,,,,,,,,,,,,,,,,,,,,,,,,,,,,,,,,,,,,,
streptococcus_faecalis,14408.0,3039.0,637.0,26239.0,,,,,860.0,,,,,,,,206.0,149.0,24.0,55.0,,,,,,,,,,,,,,,,,,,,,,31.0,,,
strontium,14410.0,81.0,20.0,26196.0,,,,,959.0,,,,,,,,,,,,,,,,,,,,,,,,,,,,,,,,,,,,
sulphate,3289.0,156.0,15.0,6076.0,1481.0,5.0,16.0,95.0,305.0,,139.0,195.0,13.0,,,,62.0,107.0,4.0,,,49.0,,0.0,6.0,5.0,,9.0,,0.0,,5.0,,1.0,0.0,0.0,0.0,,,,0.0,2.0,,,
sulphates,13061.0,2996.0,,23941.0,1485.0,,35.0,,,,80.0,209.0,,,,,,,,,7.0,,0.0,,,6.0,,,,,,,,,,,,,,,,,,,
sulphite_reducing_anaerobes,14427.0,,,26300.0,,,,,857.0,,,,,,,,205.0,150.0,,,,,,,,,,,,,,,,,,,,,,,,31.0,,,
sulphur,1319.0,56.0,14.0,3076.0,1478.0,5.0,13.0,95.0,304.0,,12.0,194.0,15.0,,1.0,,89.0,106.0,5.0,56.0,3.0,72.0,0.0,0.0,6.0,4.0,,9.0,,0.0,,5.0,0.0,1.0,1.0,0.0,0.0,,6.0,,0.0,1.0,,,
tbc_at_22_degrees,14194.0,3020.0,636.0,25652.0,775.0,7.0,,,946.0,,,,,,,,208.0,165.0,,54.0,,86.0,,,,,184.0,,,,,,,,,,,,,,,,,,
tbc_at_37_degrees,14195.0,3020.0,636.0,25628.0,777.0,7.0,,,946.0,,,,20.0,,,,208.0,165.0,,54.0,,86.0,,,,,184.0,,,,,,,,,,,,,,,,,,
total_alkalinity,14406.0,3039.0,635.0,25639.0,,,36.0,,918.0,,,,18.0,,,,195.0,173.0,,6.0,,70.0,,,,,,,,,,,,,,,,,,,,,,,
total_chlorine,14395.0,,,25883.0,1451.0,,,,933.0,,,,,,,,,,,,,,,,,,184.0,,,,,,,,,,,,,,,,,,
total_coliforms,13953.0,3019.0,627.0,21218.0,1463.0,9.0,37.0,,730.0,,202.0,,,,,,127.0,119.0,19.0,55.0,,85.0,,,,6.0,164.0,,,,,6.0,,,,,,,,,,31.0,,,
total_dissolved_solids,14340.0,73.0,18.0,22379.0,151.0,,32.0,2.0,138.0,2.0,,209.0,17.0,,,0.0,67.0,97.0,14.0,7.0,,70.0,,,,,181.0,9.0,,1.0,,,,,1.0,,,,,,,,,,
total_n,14351.0,,,25945.0,1485.0,,,2.0,,,,,,,,0.0,207.0,,,,,77.0,,,,,,,,,,,,,,,,,,,,,,,
total_organic_carbon,14418.0,3038.0,637.0,26316.0,,,,,966.0,,,,,,,,,,,,,,,,,,,,,,,,,,,,,,,,,,,,
total_p,14359.0,,,26322.0,,,,2.0,,,,,,,,0.0,,,,,,,,,,,,,,,,,,,,,,,,,,,,,
total_phosphorus,14427.0,3039.0,,26295.0,,,,,,,,,,,,,,,,,,,,,,,,,,,,,,,,,,,,,,,,,
total_suspended_solids,13914.0,76.0,25.0,23003.0,189.0,,32.0,1.0,319.0,0.0,,209.0,20.0,,,0.0,72.0,120.0,15.0,,,75.0,,,,,22.0,5.0,,1.0,,,,,1.0,,,,,,,,,,
turbidity,2777.0,131.0,15.0,4907.0,107.0,5.0,14.0,95.0,141.0,,67.0,194.0,15.0,4.0,,,58.0,84.0,3.0,4.0,4.0,71.0,,0.0,,4.0,182.0,6.0,,11.0,,5.0,,1.0,1.0,,0.0,,,,,2.0,,,
tvc_@22,14408.0,3038.0,,26228.0,1396.0,,,,688.0,,,,,,,,169.0,93.0,23.0,,,,,,,,,,,,,,,,,,,,,,,31.0,,,
tvc_@37,14408.0,3038.0,,26212.0,1395.0,,,,688.0,,,,,,,,169.0,93.0,23.0,,,,,,,,,,,,,,,,,,,,,,,31.0,,,
vibrio_cholerae,14415.0,3039.0,,26252.0,1482.0,7.0,,,,,,,,,,,,,,,,,,,,,,,,,,,,,,,,,,,,,,,
yeast,14426.0,,,26307.0,,,,,,,,,,,,,,,,,,,,,,,,,,,,,,,,,,,,,,,,,
yeast_&_mould,14426.0,3038.0,,26312.0,,,,,957.0,,,,,,,,,163.0,,,,,,,,,,,,,,,,,,,,,,,,,,,
zinc,1186.0,56.0,14.0,3083.0,1474.0,3.0,11.0,95.0,333.0,,12.0,194.0,15.0,,0.0,,79.0,105.0,4.0,,6.0,85.0,0.0,0.0,2.0,4.0,183.0,9.0,5.0,0.0,1.0,5.0,0.0,0.0,1.0,0.0,0.0,0.0,2.0,,0.0,1.0,5.0,,
colloidal_silica,,3019.0,625.0,26276.0,,,,,963.0,,,208.0,,,,,215.0,,,,,,,,,,,,,,,,,,,,,,,,,,,,
dissolved_silica,,3021.0,623.0,26301.0,,,,,962.0,,,,,,,,215.0,,,,,,,,,,,,,,,,,,,,,,,,,,,,
iodine,,2960.0,,26118.0,,,,,,,,18.0,,,,,,,,,,,,,,,,,,1.0,,,,,,,,,,,,,,,
legionella,,3039.0,,,,,,,,,,,,,,,,,,,,,,,,,,,,,,,,,,,,,,,,,,,
phosphates,,3033.0,,,,,,,,,,,,,,,,,,,,,,,,,,,,,,,,,,,,,,,,,,,
sodium_chloride,,3038.0,,26325.0,,,,,,,,,,,,,,,,,,,,,,,,,,,,,,,,,,,,,,,,,
staphylococcus_aureus,,3038.0,,26314.0,,,,,963.0,,,,,,,,,172.0,,,,,,,,,,,,,,,,,,,,,,,,,,,
total_viable_count,,3038.0,,,,,,,,,,,,,,,,,,,,,,,,,,,,,,,,,,,,,,,,,,,
absorbance_at_254nm,,,,26322.0,,,,,,,,,17.0,,,,,,,,,,,,,,,,,,,,,,1.0,,,,,,,,,,
al,,,,26314.0,,,,,,,,,,,,,,,,,,,,,,,,,,,,,,,,,,,,,,,,,
antimony__,,,,26236.0,,,,,938.0,,,,,,,,,,,,,,,,,,,,,,,,,,,,,,,,,,,,
benzene__,,,,26320.0,,,,,,,,,,,,,,,,,,,,,,,,,,,,,,,,,,,,,,,,,
bromide,,,,26258.0,,,,,,,,,,,,,,,,,,,,,,,,,,,,,,,,,,,,,,,,,
cyanide___,,,,26236.0,,,,,938.0,,,,,,,,,,,,,,,,,,,,,,,,,,,,,,,,,,,,
dissolved_iron,,,,26236.0,,,,,,,,,,,,,,,,,,,,,,,,,,,,,,,,,,,,,,,,,
ec_salts,,,,26317.0,,,,,798.0,,,,,,,,213.0,152.0,24.0,,,,,,,,,,,,,,,,,,,,,,,,,,
ethyl_benzene,,,,26320.0,,,,,,,,,,,,,,,,,,,,,,,,,,,,,,,,,,,,,,,,,
lithium,,,,26236.0,,,,,938.0,,,,,,,,,,,,,,,,,,,,,,,,,,,,,,,,,,,,
moisture,,,,26325.0,,,,,,,,,,,,,,,,,,,,,,,,,,,,,,,,,,,,,,,,,
residue_on_evaporation,,,,26322.0,,,,,,,,,20.0,,,,,,,,,,,,,,,,,,,,,,,,,,,,,,,,
toluene_,,,,26320.0,,,,,,,,,,,,,,,,,,,,,,,,,,,,,,,,,,,,,,,,,
total_carbon,,,,26325.0,,,,,,,,,,,,,,,,,,,,,,,,,,,,,,,,,,,,,,,,,
total_petro_hydrocarbons,,,,26324.0,,,,,,,,,,,,,,,,,,,,,,,,,,,,,,,,,,,,,,,,,
total_viable_count_@22,,,,26324.0,,,,,,,,,,,,,,,,,,,,,,,,,,,,,,,,,,,,,,,,,
total_viable_count_@37,,,,26307.0,,,,,,,,,,,,,,,,,,,,,,,,,,,,,,,,,,,,,,,,,
tvc_at_30_degrees,,,,26315.0,1485.0,,,,,,,,,,,,,,,,,,,,,,,,,,,,,,,,,,,3.0,,,,,
xylene_,,,,26320.0,,,,,,,,,,,,,,,,,,,,,,,,,,,,,,,,,,,,,,,,,
combined_chlorine,,,,,,,36.0,,,,,,,,,,,,,54.0,,,,,,,,,,,,,,,,,,,,,,,,,
ph,,,,,,,36.0,,,,,,,,,,,,,,,,,,,,,,,,,,,,,,,,,,,,,,
total_bacterial_count,,,,,,,36.0,,,,,,,,,,,,,,,,,,,,,,,,,,,,,,,,,,,,,,
total_residual_chlorine,,,,,,,36.0,,,,,,,,,,,,,54.0,,,,,,,,,,,,,,,,,,,,,,,,,
chromium-6,,,,,,,,,938.0,,,,,,,,,,,,,,,,,,,,,,,,,,,,,,,,,,,,
dissolved_chlorine,,,,,,,,,938.0,,,,,,,,,,,,,,,,,,,,,,,,,,,,,,,,,,,,
dissolved_oxygen,,,,,,,,,938.0,,,,,,,,,,,,,,,,,,,,,,,,,,,,,,,,,,,,
residual__free_chlorine,,,,,,,,,953.0,,,,,,,,217.0,172.0,,,,,,,,,,,,,,,,,,,,,,,,,,,
sludge_content,,,,,,,,,965.0,,,,,,,,,,,,,,,,,,,,,,,,,,,,,,,,,,,,
residiue_on_evaporation,,,,,,,,,,,,,19.0,,,,,,,,,,,,,,,,,,,,,,,,,,,,,,,,
sulphuric_acid,,,,,,,,,,,,,,,,,,,,,,84.0,,,,,,,,,,,,,,,,,,,,,,,
